0.251758	0.586297	0.235751	0.555325	1
0.602406	0.685482	0.326517	0.797768	0
0.218131	0.204335	0.764245	0.646562	1
0.138683	0.764151	0.225563	0.184366	1
0.769530	0.545799	0.297835	0.847856	0
0.581644	0.773595	0.141293	0.530629	0
0.842906	0.909484	0.030194	0.394828	0
0.780362	0.611767	0.284141	0.828691	0
0.829097	0.608826	0.272143	0.865375	0
0.824027	0.332790	0.372727	0.774605	0
0.422712	0.946031	0.234422	0.157197	0
0.115433	0.786142	0.232429	0.089473	1
0.629340	0.842741	0.173261	0.651263	0
0.380994	0.273556	0.592905	0.806351	1
0.342982	0.311498	0.477739	0.857498	1
0.709993	0.855362	0.082680	0.684307	0
0.922174	0.896321	0.021556	0.382953	0
0.559939	0.513356	0.471984	0.654437	0
0.806568	0.377699	0.392625	0.925457	0
0.412111	0.870771	0.332862	0.298181	0
0.458020	0.496632	0.212460	0.820461	1
0.731822	0.872395	0.044478	0.413286	0
0.789816	0.742313	0.122028	0.715228	0
0.478372	0.631281	0.100174	0.532748	1
0.621848	0.547890	0.128042	0.852207	1
0.265661	0.244444	0.720615	0.725340	1
0.793840	0.662099	0.258119	0.807880	0
0.742819	0.348430	0.391518	0.763553	0
0.375239	0.279595	0.471135	0.795064	1
0.757105	0.871699	0.054921	0.450440	0
0.398063	0.921021	0.347591	0.404703	0
0.885879	0.927992	0.040196	0.404348	0
0.192170	0.308943	0.698951	0.740155	1
0.235626	0.609522	0.263619	0.749090	1
0.726550	0.601238	0.318763	0.809173	0
0.377482	0.185596	0.602869	0.757557	1
0.143825	0.298256	0.712090	0.741801	1
0.555068	0.709254	0.273694	0.738979	0
0.486303	0.608052	0.100584	0.717109	1
0.800850	0.649478	0.258968	0.813171	0
0.554201	0.781109	0.242764	0.739685	0
0.499338	0.456289	0.573636	0.774723	0
0.797842	0.414325	0.335227	0.810584	0
0.814162	0.803328	0.108407	0.679369	0
0.612408	0.650327	0.053004	0.632096	1
0.437650	0.275262	0.469068	0.871137	1
0.716101	0.532094	0.425477	0.755087	0
0.696082	0.815021	0.217554	0.617165	0
0.699702	0.633915	0.312232	0.794241	0
0.255003	0.045142	0.880811	0.708879	1
0.535224	0.541929	0.260336	0.736863	0
0.566504	0.857997	0.135133	0.397065	0
0.317411	0.350133	0.485455	0.764611	1
0.684710	0.626327	0.236341	0.772136	0
0.438661	0.518776	0.495681	0.642443	0
0.237385	0.011768	0.985603	0.524755	1
0.312925	0.576463	0.263729	0.768961	1
0.509081	0.840649	0.287979	0.416578	0
0.550264	0.918469	0.167907	0.383771	0
0.170593	0.303446	0.700243	0.746857	1
0.298776	0.492760	0.339914	0.902534	1
0.322862	0.298720	0.486712	0.781542	1
0.177769	0.644520	0.256458	0.691125	1
0.524012	0.495857	0.210319	0.886540	1
0.111921	0.856058	0.211020	0.233858	1
0.457443	0.389003	0.405247	0.914055	1
0.576150	0.493999	0.537463	0.715816	0
0.467916	0.218891	0.517014	0.844917	1
0.281642	0.531165	0.340690	0.771431	1
0.782713	0.895007	0.053409	0.362376	0
0.693154	0.350444	0.485567	0.784364	0
0.299908	0.581649	0.257417	0.735099	1
0.418241	0.451103	0.205078	0.758144	1
0.647946	0.754703	0.231691	0.830103	0
0.318276	0.522106	0.305068	0.865728	1
0.870548	0.329384	0.378599	0.755675	0
0.619454	0.858925	0.157387	0.619284	0
0.530770	0.478203	0.274875	0.857851	1
0.545190	0.525048	0.191494	0.864670	1
0.722151	0.771197	0.216077	0.842095	0
0.480152	0.476189	0.574558	0.822342	0
0.751264	0.362137	0.415840	0.874546	0
0.254138	0.622997	0.234385	0.667376	1
0.375210	0.175299	0.625830	0.767786	1
0.750016	0.902903	0.067030	0.440919	0
0.836654	0.424776	0.341500	0.924284	0
0.532040	0.771197	0.257750	0.726633	0
0.510014	0.476035	0.288130	0.847622	1
0.522963	0.498103	0.560570	0.859967	0
0.804924	0.410762	0.316919	0.838568	0
0.575785	0.734497	0.308540	0.747680	0
0.562760	0.733179	0.279234	0.718520	0
0.303990	0.177080	0.618412	0.687950	1
0.680311	0.685867	0.012807	0.513698	1
0.446747	0.632598	0.097999	0.510052	1
0.201783	0.026556	0.964857	0.522518	1
0.327975	0.648007	0.168609	0.518281	1
0.476869	0.509872	0.229623	0.763082	1
0.765723	0.881147	0.056286	0.462315	0
0.232337	0.026867	0.958253	0.567664	1
0.438555	0.616261	0.093200	0.657965	1
0.482732	0.500890	0.207108	0.834217	1
0.863315	0.525745	0.236673	0.807880	0
0.401243	0.520712	0.177651	0.733100	1
0.574880	0.373288	0.427725	0.750384	0
0.650751	0.861944	0.076038	0.607054	0
0.760127	0.633758	0.237486	0.762259	0
0.605665	0.673867	0.319650	0.806469	0
0.700005	0.917769	0.081276	0.398238	0
0.796479	0.380876	0.380959	0.801649	0
0.690767	0.612621	0.317914	0.795535	0
0.566668	0.696476	0.001068	0.224220	1
0.000000	0.859621	0.238888	0.351437	1
0.648977	0.323962	0.598738	0.647272	0
0.238849	0.029965	0.786947	0.533221	1
0.617305	0.728453	0.231801	0.774840	0
0.545299	0.393262	0.360807	0.687717	0
0.539656	0.625706	0.413923	0.842331	0
0.407705	0.983199	0.257492	0.090883	0
0.754797	0.509872	0.262327	0.803764	0
0.615256	0.643670	0.054072	0.647617	1
0.771643	0.728147	0.153807	0.755675	0
0.434885	0.508246	0.188689	0.777545	1
0.506761	0.477042	0.187213	0.836334	1
0.880889	0.663570	0.142292	0.814347	0
0.020877	0.845297	0.225047	0.438564	1
0.190403	0.031282	0.902147	0.624458	1
0.248707	0.523964	0.258414	0.746974	1
0.324860	0.254974	0.607039	0.916292	1
0.395186	0.432596	0.411192	0.802706	1
0.271459	0.582809	0.235492	0.559672	1
0.678955	0.907239	0.098107	0.486183	0
0.757833	0.362986	0.412445	0.917465	0
0.289582	0.513046	0.257270	0.772254	1
0.822498	0.532714	0.289237	0.960965	0
0.768001	0.771971	0.177651	0.802942	0
0.690508	0.624389	0.192306	0.766139	0
0.440346	0.324505	0.423150	0.903353	1
0.730408	0.418661	0.323820	0.805411	0
0.584327	0.607202	0.336222	0.761789	0
0.380215	0.643824	0.175402	0.560963	1
0.674174	0.647697	0.252509	0.815405	0
0.791186	0.406272	0.323045	0.805293	0
0.548984	0.514442	0.281224	0.726161	0
0.316884	0.894697	0.170379	0.279831	0
0.425690	0.583198	0.525578	0.841037	0
0.431719	0.545102	0.154621	0.734746	1
0.772509	0.627408	0.264394	0.805176	0
0.711262	0.788929	0.192454	0.606472	0
0.204162	0.048625	0.872617	0.651027	1
0.612451	0.844290	0.131548	0.717933	0
0.339016	0.978552	0.258045	0.087709	0
0.607021	0.847620	0.145282	0.728397	0
0.353994	0.574061	0.224087	0.618575	1
0.569999	0.616261	0.412557	0.827045	0
0.766451	0.399533	0.348737	0.799532	0
0.406911	0.443668	0.336076	0.831748	1
0.387570	0.247696	0.567730	0.865258	1
0.281231	0.027563	0.903069	0.717109	1
0.757653	0.915292	0.080944	0.403648	0
0.711637	0.867130	0.085412	0.681715	0
0.129914	0.763298	0.219141	0.153441	1
0.887300	0.664423	0.160635	0.869136	0
0.516301	0.750212	0.160967	0.552261	0
0.698671	0.335192	0.501475	0.777545	0
0.299937	0.661167	0.219583	0.671140	1
0.487141	0.634301	0.073638	0.487247	1
0.539126	0.722650	0.315295	0.740508	0
0.590262	0.546573	0.462718	0.725457	0
0.387859	0.638406	0.129924	0.575193	1
0.830056	0.601084	0.268971	0.852795	0
0.265871	0.528687	0.341758	0.742859	1
0.792398	0.771739	0.161191	0.726516	0
0.808811	0.640108	0.166356	0.832219	0
0.797842	0.433371	0.333896	0.881011	0
0.799508	0.933488	0.039972	0.346263	0
0.369982	0.284860	0.469214	0.821402	1
0.692700	0.768952	0.201017	0.812348	0
0.339369	0.962911	0.360549	0.282304	0
0.808299	0.498722	0.237818	0.802589	0
0.578721	0.643438	0.056730	0.621639	1
0.790970	0.741000	0.140888	0.771313	0
0.574880	0.373288	0.427725	0.750384	0
0.616562	0.588695	0.095966	0.766139	1
0.784876	0.890360	0.043776	0.330278	0
0.373818	0.810453	0.156021	0.610109	0
0.704079	0.779171	0.202383	0.815288	0
0.299014	0.065580	0.740991	0.526747	1
0.519632	0.389703	0.286945	0.900652	1
0.545604	0.651723	0.052189	0.596243	1
0.535224	0.541929	0.260336	0.736863	0
0.527545	0.697871	0.015797	0.248088	1
0.444851	0.577234	0.133099	0.706292	1
0.644802	0.802089	0.234348	0.494412	0
0.263635	0.029344	0.790083	0.529929	1
0.155478	0.779328	0.220285	0.144503	1
0.489991	0.587842	0.121326	0.704058	1
0.808220	0.386294	0.384651	0.876192	0
0.369542	0.952770	0.337368	0.479364	0
0.477803	0.527526	0.213235	0.744505	1
0.567901	0.797521	0.255720	0.693123	0
0.360427	0.561286	0.235714	0.678069	1
0.625735	0.638327	0.351580	0.785187	0
0.790278	0.898876	0.051414	0.371196	0
0.365121	0.636235	0.169238	0.542504	1
0.584543	0.653657	0.048536	0.601062	1
0.571009	0.770344	0.263988	0.761672	0
0.451696	0.642664	0.077550	0.453849	1
0.460234	0.394657	0.391664	0.884894	1
0.680967	0.865581	0.083124	0.472426	0
0.451089	0.873327	0.064592	0.095002	0
0.783311	0.924276	0.054921	0.320049	0
0.867339	0.827875	0.118190	0.660675	0
0.777831	0.545102	0.269008	0.868900	0
0.138495	0.316610	0.675068	0.680779	1
0.498732	0.901589	0.067805	0.220928	0
0.806020	0.744330	0.123062	0.759438	0
0.555694	0.513666	0.219620	0.798592	1
0.487632	0.630353	0.081866	0.512171	1
0.190771	0.700970	0.199762	0.279722	1
0.205259	0.209215	0.750219	0.631632	1
0.877795	0.839800	0.103164	0.640097	0
0.512604	0.608594	0.101062	0.720754	1
0.418486	0.270615	0.435143	0.774252	1
0.411101	0.437629	0.348737	0.832454	1
0.217835	0.036390	0.900597	0.690302	1
0.648285	0.336741	0.595046	0.607527	0
0.947148	0.626402	0.170565	0.909581	0
0.807866	0.935191	0.072049	0.406112	0
0.737851	0.730624	0.219731	0.749914	0
0.573031	0.641500	0.033920	0.441156	1
0.462188	0.323498	0.424257	0.911818	1
0.729024	0.350290	0.392440	0.703000	0
0.912280	0.900815	0.020927	0.381425	0
0.707296	0.540147	0.406466	0.751443	0
0.758937	0.359581	0.378525	0.770137	0
0.198235	0.640419	0.260998	0.686539	1
0.468167	0.622608	0.156689	0.556144	1
0.383229	0.259389	0.613242	0.839155	1
0.351535	0.520015	0.182635	0.698884	1
0.531078	0.481765	0.576148	0.840214	0
0.373818	0.810453	0.156021	0.610109	0
0.881214	0.823384	0.087665	0.634569	0
0.536363	0.773056	0.273328	0.715816	0
0.743778	0.582113	0.318875	0.833041	0
0.342066	0.319783	0.470248	0.860673	1
0.488614	0.491212	0.209618	0.858321	1
0.561027	0.696943	0.021001	0.262082	1
0.794640	0.932635	0.058539	0.382244	0
0.843159	0.801008	0.144028	0.743212	0
0.387679	0.504142	0.289052	0.779544	1
0.334884	0.987068	0.354643	0.250907	0
0.777196	0.874255	0.059573	0.472781	0
0.340451	0.633837	0.184630	0.530393	1
0.471055	0.506542	0.228590	0.846681	1
0.328740	0.236624	0.524802	0.718638	1
0.801448	0.801240	0.138010	0.670904	0
0.734108	0.361594	0.424589	0.867257	0
0.785446	0.881843	0.048907	0.371896	0
0.807412	0.787612	0.121029	0.667258	0
0.680563	0.871157	0.090801	0.503705	0
0.219854	0.733643	0.251290	0.328278	1
0.714601	0.889585	0.089655	0.494531	0
0.480277	0.829345	0.320869	0.437155	0
0.710361	0.938368	0.083861	0.375424	0
0.338872	1.000000	0.371103	0.236922	0
0.574880	0.373288	0.427725	0.750384	0
0.340949	0.593342	0.207550	0.624812	1
0.877154	0.835542	0.081608	0.636569	0
0.812373	0.557724	0.258820	0.864670	0
0.761151	0.624157	0.273289	0.814347	0
0.611521	0.540379	0.140410	0.870664	1
0.614607	0.801161	0.107631	0.683243	0
0.595800	0.593881	0.090064	0.788950	1
0.638463	0.800001	0.185552	0.552970	0
0.214482	0.608748	0.261995	0.676896	1
0.315658	0.035926	0.773472	0.603763	1
0.769444	0.552148	0.257381	0.834923	0
0.358169	0.563142	0.200058	0.662320	1
0.379609	0.547348	0.534878	0.779779	0
0.525745	0.801393	0.270300	0.697827	0
0.778768	0.312426	0.392513	0.663375	0
0.518957	0.519783	0.155246	0.831396	1
0.683729	0.756409	0.192934	0.714405	0
0.272080	0.038635	0.897900	0.764376	1
0.492051	0.432907	0.223607	0.828574	1
0.620860	0.812002	0.225268	0.580012	0
0.766812	0.628108	0.259116	0.828574	0
0.628980	0.672782	0.032149	0.559672	1
0.780412	0.391481	0.341836	0.783306	0
0.198559	0.221136	0.737709	0.604708	1
0.322754	0.257840	0.552597	0.841625	1
0.365590	0.623229	0.128266	0.561554	1
0.603271	0.638716	0.237892	0.766375	0
0.230318	0.036236	0.903289	0.660793	1
0.284382	0.123964	0.614203	0.564254	1
0.499184	0.772589	0.267347	0.716404	0
0.451089	0.873327	0.064592	0.095002	0
0.084309	0.858693	0.215892	0.227866	1
0.562452	0.628725	0.353350	0.771078	0
0.403659	0.595588	0.207366	0.625631	1
0.221556	0.653115	0.201866	0.412350	1
0.738831	0.730856	0.195259	0.721577	0
0.407373	0.573982	0.552450	0.848562	0
0.184324	0.018118	0.973347	0.484538	1
0.768751	0.375222	0.349512	0.712524	0
0.598814	0.681145	0.170272	0.617993	0
0.229821	0.647154	0.211168	0.426216	1
0.486554	0.853967	0.205004	0.588241	0
0.856637	0.890049	0.041450	0.383771	0
0.343386	0.503910	0.285213	0.902416	1
0.364465	0.552768	0.215413	0.713582	1
0.327889	0.932482	0.311086	0.462315	0
0.225350	0.615098	0.261699	0.706175	1
0.375462	0.262562	0.445629	0.727221	1
0.378203	0.262098	0.515278	0.859027	1
0.481673	0.825551	0.144950	0.474190	0
0.814941	0.938057	0.051341	0.382125	0
0.894266	0.655903	0.152997	0.875374	0
0.531575	0.348662	0.424662	0.687362	0
0.321204	0.660007	0.213346	0.660911	1
0.234306	0.039798	0.778935	0.520400	1
0.803013	0.717924	0.149232	0.798709	0
0.635823	0.486566	0.468327	0.895833	0
0.417491	0.897174	0.321571	0.267729	0
0.209218	0.644909	0.207108	0.423752	1
0.688762	0.771350	0.226449	0.818109	0
0.647434	0.820907	0.226708	0.571901	0
0.762312	0.542160	0.311750	0.953445	0
0.816167	0.416106	0.319797	0.863141	0
0.822541	0.399226	0.330058	0.848679	0
0.837000	0.379634	0.351283	0.802471	0
0.705176	0.327061	0.514653	0.724634	0
0.527044	0.542780	0.198470	0.780484	1
0.282313	0.249245	0.718366	0.769667	1
0.512344	0.625010	0.074931	0.534157	1
0.563944	0.763919	0.178500	0.681133	0
0.326944	0.506852	0.291817	0.887013	1
0.173673	0.038249	0.947841	0.484774	1
0.492965	0.860395	0.068137	0.158024	0
0.381044	0.617885	0.118629	0.574138	1
0.310105	0.942084	0.337110	0.269956	0
0.389669	0.641036	0.153182	0.453149	1
0.233419	0.606196	0.257049	0.678424	1
0.082116	0.761131	0.256864	0.169899	1
0.666075	0.685635	0.013359	0.529456	1
0.451975	0.445143	0.331204	0.880193	1
0.659700	0.799923	0.207145	0.609409	0
0.642429	0.806348	0.217443	0.507815	0
0.680686	0.524196	0.436548	0.907935	0
0.837332	0.348662	0.364572	0.777662	0
0.781400	0.814168	0.117966	0.607054	0
0.732968	0.397988	0.310681	0.743212	0
0.483512	0.491057	0.557951	0.843036	0
0.749973	0.354238	0.487225	0.793888	0
0.415197	0.637785	0.151593	0.480773	1
0.750067	0.882154	0.063118	0.439628	0
0.415630	0.425240	0.424736	0.820578	1
0.464384	0.579868	0.135094	0.707232	1
0.258284	0.616029	0.234680	0.684307	1
0.437024	0.619977	0.174554	0.634805	1
0.498684	0.472320	0.186733	0.829867	1
0.241294	0.003562	0.985013	0.539213	1
0.544055	0.539837	0.176914	0.813641	1
0.361552	0.659311	0.200390	0.670431	1
0.803229	0.896631	0.058320	0.396947	0
0.301452	0.684475	0.202678	0.389654	1
0.787970	0.401857	0.336851	0.795652	0
0.855988	0.805730	0.122213	0.666194	0
0.398020	0.272939	0.475710	0.856675	1
0.359056	0.458692	0.280229	0.817756	1
0.357138	0.920482	0.329395	0.466316	0
0.198761	0.834303	0.362948	0.693946	0
0.581262	0.856215	0.200980	0.621521	0
0.333932	0.173517	0.630258	0.717933	1
0.330716	0.344868	0.505719	0.772136	1
0.340379	0.166239	0.625459	0.704646	1
0.772256	0.676344	0.251807	0.807997	0
0.242332	0.636003	0.197843	0.468080	1
0.344302	0.638716	0.130519	0.553207	1
0.500156	0.486643	0.561897	0.835628	0
0.871500	0.495548	0.249445	0.877838	0
0.378852	0.277814	0.469619	0.815992	1
0.492215	0.815949	0.308911	0.423989	0
0.921792	0.498799	0.244093	0.902416	0
0.366008	0.957103	0.210282	0.061495	0
0.183350	0.643670	0.251955	0.671140	1
0.761360	0.896631	0.043518	0.324632	0
0.448663	0.539759	0.206665	0.729338	1
0.682979	0.866434	0.087811	0.645035	0
0.219198	0.010298	0.989222	0.475372	1
0.888281	0.520557	0.232945	0.881248	0
0.854539	0.598914	0.216372	0.918519	0
0.757689	0.368794	0.398936	0.810114	0
0.604605	0.349901	0.576221	0.619520	0
0.472325	0.548819	0.157572	0.725575	1
0.456730	0.307315	0.402111	0.859380	1
0.347302	0.984591	0.354531	0.456677	0
0.667373	0.296864	0.562380	0.699708	0
0.391284	0.545644	0.579357	0.832571	0
0.798426	0.615487	0.262474	0.842448	0
0.704678	0.622765	0.249740	0.823636	0
0.682539	0.344172	0.483904	0.796828	0
0.655100	0.561903	0.409382	0.859497	0
0.456951	0.841813	0.323415	0.359321	0
0.591401	0.849633	0.138083	0.674777	0
0.774232	0.367634	0.411338	0.882539	0
0.653253	0.505923	0.450462	0.875138	0
0.601937	0.509562	0.507343	0.708761	0
0.848827	0.594192	0.215523	0.919347	0
1.000000	0.710646	0.118190	0.826927	0
0.762045	0.542315	0.300640	0.835864	0
0.561239	0.529074	0.322455	0.821284	0
0.338237	0.334417	0.514097	0.771783	1
0.451811	0.520248	0.226375	0.745093	1
0.358855	0.554704	0.207772	0.677487	1
0.330723	0.506233	0.288203	0.735569	1
0.037398	0.874640	0.216778	0.144030	1
0.495805	0.736042	0.249186	0.713582	0
0.780124	0.783971	0.162259	0.813759	0
0.686895	0.762912	0.193561	0.694652	0
0.769206	0.570034	0.285877	0.952617	0
0.862990	0.541153	0.261035	0.887249	0
0.780650	0.891524	0.060275	0.437510	0
0.595367	0.844601	0.134357	0.709819	0
0.490992	0.636625	0.095600	0.524637	1
0.691654	0.745490	0.177724	0.664784	0
0.210408	0.657220	0.199578	0.397174	1
0.747968	0.549516	0.295806	0.813054	0
0.488315	0.637631	0.074521	0.496413	1
0.630343	0.624235	0.352833	0.787304	0
0.415587	0.595356	0.207218	0.650209	1
0.441982	0.440110	0.219288	0.783306	1
0.787927	0.890592	0.058427	0.406112	0
0.518168	0.474640	0.270963	0.821636	1
0.432829	0.867056	0.264763	0.292297	0
0.776973	0.370036	0.372361	0.776722	0
0.468966	0.322028	0.375902	0.782013	1
0.690486	0.797057	0.209654	0.536512	0
0.710115	0.536972	0.285545	0.887595	0
0.596153	0.843826	0.132363	0.703941	0
0.028204	0.769569	0.257270	0.087246	1
0.184915	0.791174	0.214268	0.161197	1
0.182990	0.297871	0.696698	0.729220	1
0.563453	0.855362	0.174812	0.640916	0
0.593009	0.829113	0.139117	0.695123	0
0.428474	0.244055	0.486786	0.810820	1
0.820558	0.381262	0.386607	0.845388	0
0.583930	0.559737	0.113942	0.787304	1
0.610785	0.829113	0.137274	0.598352	0
0.647167	0.741464	0.238925	0.590596	0
0.575342	0.838715	0.157279	0.658674	0
0.670215	0.322956	0.412592	0.663730	0
0.810909	0.523887	0.269118	0.865728	0
0.577479	0.829424	0.169087	0.643980	0
0.670280	0.888193	0.090947	0.504996	0
0.911026	0.906929	0.038865	0.382835	0
0.758619	0.845065	0.090357	0.693359	0
0.803128	0.404334	0.329765	0.845858	0
0.723745	0.784825	0.175363	0.806469	0
0.429714	0.503677	0.282922	0.814817	1
0.503362	0.747271	0.275060	0.674432	0
0.312528	0.259928	0.552265	0.830926	1
0.708536	0.926211	0.074487	0.376833	0
0.849887	0.594270	0.233610	0.927694	0
0.663068	0.284628	0.575923	0.746033	0
0.444466	0.432596	0.225489	0.786363	1
0.788806	0.336120	0.373985	0.728397	0
0.292106	0.267442	0.600435	0.942743	1
0.492965	0.860395	0.068137	0.158024	0
0.673179	0.853581	0.088069	0.659147	0
0.292336	0.527061	0.247120	0.783541	1
0.350612	0.641811	0.174920	0.535212	1
0.810188	0.393108	0.339027	0.797063	0
0.474193	0.602866	0.099291	0.682425	1
0.665628	0.617732	0.284916	0.760614	0
0.548984	0.514442	0.281224	0.726161	0
0.417144	0.574835	0.529601	0.815875	0
0.401106	0.121562	0.654951	0.731571	1
0.626290	0.628183	0.237560	0.763905	0
0.793862	0.895857	0.050531	0.358493	0
0.732024	0.631824	0.262549	0.816698	0
0.527631	0.860316	0.086148	0.336743	0
0.510756	0.834303	0.290012	0.419870	0
0.485889	0.614634	0.108148	0.717580	1
0.387830	0.464189	0.313744	0.824812	1
0.508349	0.828417	0.249592	0.430335	0
0.604836	0.524196	0.146794	0.897824	1
0.523040	0.868448	0.223644	0.608236	0
0.561421	0.933335	0.168165	0.406940	0
0.382919	0.168021	0.560239	0.621166	1
0.322495	0.259232	0.615418	0.971430	1
0.526544	0.702825	0.010627	0.196587	1
0.363131	0.263954	0.616120	0.786363	1
0.545299	0.393262	0.360807	0.687717	0
0.562567	0.526287	0.156611	0.853500	1
0.454824	0.580332	0.163366	0.671959	1
0.626146	0.648161	0.287871	0.744152	0
0.565783	0.621912	0.414845	0.831983	0
0.599752	0.845297	0.161708	0.613992	0
0.620990	0.752847	0.219842	0.558144	0
0.359677	0.108708	0.636642	0.648918	1
0.324211	0.631745	0.191863	0.501232	1
0.456278	0.349052	0.323527	0.822577	1
0.376479	0.618349	0.196588	0.563318	1
0.460408	0.410530	0.387602	0.867962	1
0.692484	0.862176	0.073009	0.653973	0
0.788395	0.434841	0.341021	0.877720	0
0.605319	0.555015	0.126754	0.813641	1
0.397342	0.324662	0.515390	0.793182	1
0.728735	0.390710	0.448730	0.852442	0
0.755273	0.749748	0.143658	0.744387	0
0.668498	0.668602	0.020781	0.585304	1
0.373818	0.810453	0.156021	0.610109	0
0.402347	0.456600	0.332643	0.822577	1
0.644809	0.551839	0.409787	0.851266	0
0.867851	0.809678	0.126418	0.711818	0
0.320620	0.165543	0.649635	0.751795	1
0.554143	0.632441	0.412665	0.836098	0
0.766220	0.373288	0.375867	0.765905	0
0.046456	0.756641	0.274396	0.175546	1
0.563684	0.854202	0.123945	0.651027	0
0.479411	0.514595	0.224862	0.736628	1
0.158860	0.765157	0.217258	0.179192	1
0.344735	0.337901	0.501217	0.787421	1
0.439036	0.589548	0.127934	0.668549	1
0.757538	0.348894	0.380330	0.791301	0
0.209073	0.619202	0.257122	0.711818	1
0.376681	0.177233	0.616120	0.766139	1
0.820796	0.316917	0.394874	0.713229	0
0.367515	0.935270	0.309906	0.464433	0
0.561999	0.587067	0.093751	0.758615	1
0.496219	0.273556	0.587736	0.638915	0
0.306536	0.581728	0.519599	0.740978	0
0.368013	0.574139	0.229697	0.675250	1
0.373494	0.483623	0.337037	0.786128	1
0.033519	0.769880	0.264541	0.092183	1
0.451378	0.940456	0.211500	0.136274	0
0.394126	0.921099	0.337403	0.510289	0
0.423700	0.462097	0.353682	0.837392	1
0.349335	0.435848	0.301600	0.818345	1
0.383345	0.289971	0.453529	0.804117	1
0.375520	0.928224	0.364977	0.332742	0
0.461447	0.607973	0.100842	0.683834	1
0.322934	0.451567	0.292446	0.807057	1
0.382760	0.590862	0.562082	0.862318	0
0.570442	0.898644	0.163478	0.412814	0
0.490501	0.448626	0.319689	0.890186	1
0.407265	0.601934	0.208547	0.641743	1
0.730913	0.406194	0.323488	0.797533	0
0.217806	0.204646	0.768566	0.639979	1
0.367869	0.190397	0.622099	0.862789	1
0.882915	0.527603	0.235456	0.884539	0
0.848077	0.890128	0.057617	0.426453	0
0.666732	0.739683	0.250552	0.854559	0
0.339816	0.142935	0.592832	0.606936	1
0.786629	0.416648	0.310608	0.786951	0
0.264089	0.488889	0.336813	0.842565	1
0.580793	0.549129	0.126457	0.816111	1
0.713512	0.858535	0.070649	0.667731	0
0.740721	0.804956	0.211426	0.546269	0
0.555568	0.876811	0.215302	0.625985	0
0.659001	0.608052	0.311198	0.773547	0
0.320973	0.511421	0.282848	0.871964	1
0.904752	0.903292	0.037612	0.411641	0
0.659852	0.769648	0.220359	0.821872	0
0.633494	0.653193	0.054847	0.620812	1
0.822859	0.877275	0.057100	0.489711	0
0.125544	0.791949	0.228996	0.104522	1
0.203160	0.749980	0.234532	0.273012	1
0.499386	0.537979	0.211094	0.771901	1
0.385133	0.514982	0.184924	0.728985	1
0.239708	0.196979	0.760295	0.690419	1
0.737786	0.387611	0.347225	0.758850	0
0.899992	0.869608	0.014836	0.420815	0
0.795564	0.414093	0.330872	0.855734	0
0.447595	0.545489	0.157021	0.759791	1
0.764518	0.564306	0.283331	0.927812	0
0.821063	0.639955	0.263729	0.836334	0
0.670121	0.649167	0.242912	0.803059	0
0.350727	0.274098	0.487669	0.758379	1
0.392243	0.500813	0.297504	0.950972	1
0.863098	0.721022	0.120994	0.731218	0
0.335497	0.486023	0.357559	0.846563	1
0.541657	0.491676	0.545842	0.810467	0
0.741846	0.763455	0.200390	0.856322	0
0.101328	0.819437	0.233352	0.321340	1
0.897403	0.631513	0.178021	0.919583	0
0.639905	0.753621	0.226154	0.781777	0
0.756377	0.625784	0.271962	0.826927	0
0.380921	0.961440	0.342977	0.475018	0
0.274870	0.245451	0.729291	0.691242	1
0.307581	0.302207	0.482650	0.811525	1
0.345384	0.946884	0.339285	0.479600	0
0.870714	0.822299	0.114610	0.683243	0
0.385587	0.555247	0.608073	0.863612	0
0.920523	0.733565	0.123911	0.754970	0
0.481856	0.348894	0.318470	0.863024	1
0.700250	0.897638	0.079467	0.412932	0
0.516580	0.523732	0.207329	0.865494	1
0.883060	0.646769	0.173705	0.869373	0
0.290101	0.581881	0.259485	0.736039	1
0.351578	0.574989	0.229660	0.624694	1
0.399267	0.518002	0.523583	0.731218	0
0.481144	0.307547	0.433412	0.917937	1
0.871666	0.661167	0.166097	0.855734	0
0.819650	0.332636	0.375717	0.724752	0
0.158615	0.328531	0.675956	0.728985	1
0.246587	0.664887	0.212275	0.422225	1
0.817703	0.800387	0.124871	0.689832	0
0.796249	0.549206	0.278088	0.930867	0
0.308721	0.122104	0.616452	0.599534	1
0.763538	0.866049	0.053891	0.417524	0
0.860120	0.575221	0.227704	0.926403	0
0.787869	0.754935	0.122950	0.687832	0
0.674880	0.417034	0.363538	0.769432	0
0.403796	0.638559	0.142844	0.464552	1
0.535583	0.762291	0.213346	0.725928	0
0.662621	0.742856	0.202826	0.574484	0
0.551631	0.663338	0.022147	0.369432	1
0.694012	0.880373	0.090947	0.504878	0
0.516349	0.530003	0.185404	0.816228	1
0.784638	0.746807	0.139669	0.774252	0
0.601295	0.675727	0.018972	0.513462	1
0.545296	0.393262	0.360807	0.687715	0
0.332129	0.650174	0.166692	0.514053	1
0.250525	0.208051	0.662076	0.865258	1
0.663717	0.257915	0.578879	0.769902	0
0.467705	0.635618	0.085192	0.522991	1
0.531232	0.892062	0.176100	0.401884	0
0.481606	0.629268	0.077735	0.524164	1
0.632816	0.663338	0.023473	0.549797	1
0.794265	0.554162	0.260445	0.868318	0
0.840714	0.896246	0.045990	0.374960	0
0.778422	0.377003	0.399785	0.895942	0
0.208713	0.781883	0.224124	0.193768	1
0.249659	0.031514	0.795399	0.543796	1
0.668578	0.875804	0.093644	0.530275	0
0.800273	0.530391	0.290452	0.836687	0
0.619713	0.657609	0.016017	0.436446	1
0.347641	0.506465	0.251844	0.782365	1
0.407106	0.153540	0.635462	0.745563	1
0.374864	0.191793	0.558541	0.716639	1
0.726579	0.418351	0.327585	0.804823	0
0.869949	0.817577	0.096263	0.621284	0
0.548906	0.800851	0.295582	0.484183	0
0.375066	0.920635	0.347001	0.496295	0
0.678876	0.795665	0.228405	0.618929	0
0.801196	0.405498	0.322455	0.822812	0
0.361184	0.462639	0.277610	0.810467	1
0.577633	0.784435	0.282848	0.553907	0
0.715308	0.363454	0.383915	0.747680	0
0.546885	0.741075	0.300196	0.735334	0
0.843166	0.334649	0.376565	0.754381	0
0.641484	0.745337	0.271553	0.591769	0
0.680996	0.576074	0.358296	0.842448	0
0.572386	0.693998	0.019084	0.268902	1
0.384513	0.186449	0.571202	0.735922	1
0.385703	0.619588	0.133655	0.601999	1
0.345001	0.166393	0.631477	0.699120	1
0.266556	0.496477	0.341133	0.826105	1
0.132488	0.786991	0.230768	0.113460	1
0.239253	0.586603	0.226191	0.549088	1
0.801434	0.904609	0.047985	0.344618	0
0.561508	0.374216	0.297206	0.920520	1
0.380099	0.112503	0.667909	0.685953	1
0.700517	0.630043	0.243724	0.830573	0
0.263195	0.640961	0.196698	0.456905	1
0.632283	0.348120	0.581903	0.612937	0
0.411101	0.443668	0.221023	0.766375	1
0.347864	0.468447	0.356891	0.810349	1
0.535968	0.510027	0.226338	0.809173	1
0.647304	0.515369	0.435182	0.746386	0
0.799335	0.351065	0.432192	0.880657	0
0.523290	0.489353	0.265501	0.804235	1
0.674679	0.914442	0.075702	0.343799	0
0.575323	0.847852	0.155211	0.626340	0
0.516724	0.851568	0.187434	0.556025	0
0.363275	0.496864	0.285140	0.927694	1
0.633458	0.335424	0.581571	0.589423	0
0.038487	0.843516	0.237707	0.419288	1
0.405621	0.431047	0.293110	0.833630	1
0.748675	0.342702	0.399268	0.755675	0
0.672926	0.655053	0.254908	0.741095	0
0.005928	0.851879	0.237116	0.361548	1
0.418637	0.452110	0.336188	0.824223	1
0.295113	0.205806	0.669899	0.883012	1
0.515791	0.589238	0.082680	0.717933	1
0.825635	0.923501	0.030525	0.374724	0
0.839661	0.725902	0.136240	0.794829	0
0.343336	0.483314	0.344825	0.781307	1
0.495767	0.800776	0.279673	0.447739	0
0.551140	0.552768	0.132401	0.786128	1
0.357181	0.497251	0.301122	0.935805	1
0.622785	0.691443	0.286984	0.784717	0
0.384787	0.619977	0.125276	0.563672	1
0.227614	0.034687	0.778935	0.492185	1
0.913636	0.892762	0.042777	0.430454	0
0.795729	0.348198	0.388416	0.767315	0
0.298560	0.228882	0.737411	0.700648	1
0.808631	0.841734	0.097517	0.722988	0
0.452100	0.236702	0.507381	0.810114	1
0.800042	0.509175	0.247267	0.823870	0
0.639119	0.768177	0.228147	0.813171	0
0.394385	0.555168	0.197031	0.701001	1
0.743591	0.643281	0.236636	0.771195	0
0.417426	0.922495	0.310901	0.384126	0
0.374799	0.562293	0.239442	0.679724	1
0.356669	0.249477	0.512844	0.746622	1
0.428935	0.601702	0.119000	0.645853	1
0.543651	0.722182	0.304332	0.734394	0
0.664698	0.485094	0.447511	0.715463	0
0.699385	0.915913	0.085192	0.406585	0
0.354657	0.257298	0.468921	0.734394	1
0.842164	0.415795	0.349878	0.886303	0
0.780557	0.407432	0.324893	0.762965	0
0.358833	0.521718	0.184406	0.701824	1
0.549273	0.893690	0.154841	0.377897	0
0.250092	0.662949	0.224308	0.584477	1
0.322112	0.303678	0.490624	0.836569	1
0.623449	0.336273	0.594714	0.584477	0
0.855945	0.630196	0.257270	0.850679	0
0.591632	0.900504	0.172486	0.409995	0
0.652431	0.258536	0.578030	0.755440	0
0.438237	0.867520	0.302264	0.335097	0
0.311223	0.662099	0.206517	0.446557	1
0.443359	0.635075	0.149232	0.509470	1
0.926602	0.702825	0.131290	0.817169	0
0.233275	0.212388	0.666134	0.836451	1
0.701945	0.920093	0.085558	0.387299	0
0.451089	0.873327	0.064592	0.095002	0
0.653340	0.582656	0.100286	0.796357	1
0.400356	0.432364	0.296875	0.858556	1
0.762816	0.766396	0.192454	0.820813	0
0.580014	0.806658	0.215560	0.535330	0
0.621768	0.339218	0.568837	0.636451	0
0.348081	0.962989	0.231100	0.069369	0
0.658143	0.763298	0.248559	0.576011	0
0.606185	0.336662	0.590359	0.605999	0
0.404157	0.461786	0.318802	0.815522	1
0.599463	0.816028	0.219251	0.578248	0
0.481847	0.669377	0.361876	0.743447	0
0.463527	0.511962	0.214010	0.822930	1
0.366816	0.523112	0.281448	0.743565	1
0.924821	0.724120	0.123945	0.772136	0
0.306579	0.301586	0.484162	0.819049	1
0.761598	0.752304	0.151076	0.775428	0
0.769004	0.839643	0.106783	0.736628	0
0.839950	0.362833	0.346557	0.806351	0
0.622526	0.598143	0.093385	0.766610	1
0.615170	0.651102	0.370220	0.821755	0
0.847594	0.593032	0.216077	0.889832	0
0.297709	0.160975	0.648455	0.722518	1
0.363304	0.164848	0.629780	0.767903	1
0.688611	0.558730	0.396795	0.788715	0
0.263484	0.207976	0.672781	0.866551	1
0.812070	0.770422	0.172559	0.846446	0
0.811681	0.410373	0.314373	0.838568	0
0.782035	0.370575	0.401926	0.863965	0
0.763833	0.837787	0.086445	0.668076	0
0.685762	0.567479	0.301488	0.814935	0
0.796631	0.532559	0.286394	0.924402	0
0.248981	0.269455	0.681121	0.762377	1
0.264140	0.000000	1.000000	0.592478	1
0.248332	0.004258	0.986120	0.550615	1
0.000411	0.863104	0.234865	0.364494	1
0.835659	0.820982	0.121804	0.644326	0
0.656369	0.478203	0.452237	0.750619	0
0.291493	0.172743	0.640261	0.710878	1
0.640331	0.744716	0.263914	0.827516	0
0.126041	0.322803	0.672854	0.675605	1
0.291053	0.057452	0.742727	0.580840	1
0.351694	0.628415	0.123760	0.556853	1
0.818388	0.822456	0.107855	0.646917	0
0.898607	0.895007	0.051785	0.440919	0
0.636335	0.774216	0.172818	0.633978	0
0.553739	0.710029	0.003024	0.220692	1
0.797027	0.914132	0.049424	0.316757	0
0.691748	0.330080	0.502251	0.739449	0
0.487786	0.821757	0.092718	0.547442	0
0.498357	0.448858	0.586628	0.809291	0
0.404171	0.445681	0.401150	0.827398	1
0.781739	0.905383	0.048502	0.325104	0
0.653066	0.745180	0.244056	0.829044	0
0.386539	0.260471	0.535288	0.898415	1
0.394753	0.244287	0.510039	0.765669	1
0.791835	0.550135	0.261552	0.838803	0
0.741644	0.748356	0.232983	0.645735	0
0.626622	0.533410	0.432119	0.888659	0
0.591805	0.657916	0.014875	0.405294	1
0.481509	0.623614	0.070649	0.499004	1
0.773893	0.885327	0.052009	0.380243	0
0.782064	0.545877	0.318358	0.870427	0
0.612963	0.512195	0.407720	0.831043	0
0.477572	0.624235	0.150783	0.576602	1
0.293036	0.603098	0.250405	0.740743	1
0.535224	0.541929	0.260336	0.736863	0
0.462631	0.279595	0.433817	0.877838	1
0.275354	0.619898	0.241620	0.699003	1
0.721084	0.343476	0.482172	0.829279	0
0.283358	0.259389	0.690387	0.684780	1
0.786081	0.544715	0.275245	0.931922	0
0.716743	0.541850	0.326366	0.946971	0
0.318896	0.258847	0.495531	0.720637	1
0.416488	0.620826	0.123208	0.605763	1
0.314108	0.511730	0.254280	0.782836	1
0.551140	0.587689	0.086040	0.747797	1
0.336225	0.461479	0.276279	0.791889	1
0.526958	0.605421	0.105305	0.722753	1
0.568805	0.645684	0.071312	0.650327	1
0.590276	0.375376	0.467995	0.719461	0
0.529441	0.782269	0.214158	0.669722	0
0.753312	0.841888	0.098848	0.725223	0
0.786513	0.654047	0.258045	0.809291	0
0.869740	0.837087	0.101174	0.660793	0
0.596384	0.666200	0.027682	0.421515	1
0.577575	0.659154	0.015280	0.401529	1
0.248138	0.270693	0.681048	0.732747	1
0.591185	0.754860	0.294514	0.840567	0
0.702154	0.769726	0.210356	0.818109	0
0.358133	0.920325	0.341612	0.337452	0
0.516262	0.655128	0.036539	0.379543	1
0.590565	0.650020	0.311233	0.737803	0
0.435360	0.518544	0.217111	0.818815	1
0.375556	0.268755	0.470804	0.827280	1
0.722274	0.844444	0.071088	0.652209	0
0.789953	0.626634	0.267716	0.832336	0
0.807318	0.368098	0.351063	0.775663	0
0.799213	0.534649	0.271997	0.877838	0
0.112592	0.821525	0.239700	0.319694	1
0.896639	0.889353	0.063670	0.471371	0
0.584651	0.828496	0.167390	0.627158	0
0.792066	0.392255	0.364163	0.876074	0
0.165567	0.632134	0.274026	0.659374	1
0.661575	0.439025	0.337885	0.771666	0
0.810441	0.543244	0.263582	0.845740	0
0.767316	0.782190	0.171564	0.796592	0
0.362532	0.653347	0.144209	0.423398	1
0.634006	0.508788	0.450979	0.894769	0
0.252847	0.526751	0.256015	0.750384	1
0.227354	0.222300	0.650781	0.820461	1
0.561806	0.787612	0.277274	0.728280	0
0.780189	0.881301	0.059388	0.456086	0
0.521442	0.541618	0.205668	0.777780	1
0.525052	0.593496	0.083309	0.716756	1
0.541994	0.641115	0.033588	0.409640	1
0.798664	0.524041	0.266092	0.884776	0
0.422315	0.468525	0.325225	0.847504	1
0.427118	0.916762	0.317914	0.263491	0
0.151252	0.638870	0.273509	0.645971	1
0.364169	0.951453	0.342055	0.303473	0
0.385328	0.249088	0.477149	0.792478	1
0.574687	0.868294	0.199172	0.625167	0
0.581997	0.880837	0.168755	0.614938	0
0.405310	0.951453	0.225231	0.131455	0
0.359792	0.659001	0.193450	0.666903	1
0.471190	0.622686	0.149710	0.571665	1
0.612249	0.332790	0.587111	0.585541	0
0.635816	0.274641	0.578805	0.695593	0
0.682323	0.757337	0.195111	0.798003	0
0.395539	0.145644	0.577031	0.679015	1
0.791691	0.895625	0.063006	0.411995	0
0.292784	0.672475	0.202309	0.416814	1
0.788857	0.792877	0.149120	0.790008	0
0.248830	0.282308	0.668792	0.672313	1
0.518496	0.812698	0.273991	0.473490	0
0.751927	0.637631	0.266904	0.800120	0
0.461342	0.343012	0.587292	0.530866	0
0.478304	0.509562	0.230325	0.769197	1
0.735406	0.623539	0.253431	0.849855	0
0.342564	0.243823	0.570608	0.861025	1
0.387361	0.437165	0.295953	0.841978	1
0.543025	0.648857	0.038680	0.430690	1
0.680368	0.881997	0.096926	0.520636	0
0.876548	0.496709	0.254797	0.879011	0
0.592036	0.857997	0.137825	0.703941	0
0.545299	0.393262	0.360807	0.687717	0
0.804910	0.924197	0.060017	0.397174	0
0.381210	0.962368	0.361027	0.331924	0
0.722317	0.850640	0.102686	0.682897	0
0.616720	0.516840	0.496233	0.749679	0
0.779237	0.619434	0.256200	0.808350	0
0.806193	0.533798	0.274801	0.943452	0
0.444851	0.514130	0.219030	0.827986	1
0.354708	0.559580	0.203786	0.703470	1
0.305988	0.589006	0.209470	0.585186	1
0.803301	0.532946	0.299533	0.860555	0
0.449077	0.300658	0.416913	0.806469	1
0.142389	0.321253	0.676878	0.698414	1
0.860517	0.389703	0.375053	0.876429	0
0.472441	0.621833	0.070756	0.495358	1
0.626160	0.674410	0.016533	0.535212	1
0.758829	0.878360	0.065996	0.464670	0
0.711897	0.752921	0.196034	0.723929	0
0.792535	0.374216	0.351912	0.779073	0
0.582834	0.255980	0.584785	0.659147	0
0.783629	0.399069	0.333418	0.824576	0
0.644614	0.421213	0.348737	0.704764	0
0.429937	0.597676	0.116307	0.661256	1
0.426303	0.584437	0.169238	0.651736	1
0.344691	0.968797	0.240143	0.071842	0
0.734649	0.733333	0.205558	0.641389	0
0.320922	0.475882	0.395503	0.847975	1
0.340227	0.946342	0.306253	0.288533	0
0.538722	0.479829	0.181489	0.806469	1
0.649518	0.774991	0.252582	0.837627	0
0.424926	0.563842	0.559463	0.834217	0
0.791705	0.911576	0.067250	0.385071	0
0.525889	0.864343	0.068874	0.208580	0
0.414087	0.899576	0.100506	0.244087	0
0.576795	0.607898	0.419751	0.796945	0
0.316884	0.894697	0.170379	0.279831	0
0.571925	0.715368	0.315812	0.759672	0
0.286221	0.495470	0.330575	0.847856	1
0.436774	0.266125	0.478627	0.826927	1
0.439864	0.516840	0.217295	0.805999	1
0.618574	0.858767	0.129851	0.710408	0
0.330283	0.618813	0.200759	0.517463	1
0.489943	0.508710	0.439094	0.791301	0
0.527217	0.701976	0.005829	0.196123	1
0.548984	0.514442	0.281224	0.726161	0
0.561248	0.580100	0.090025	0.764023	1
0.501187	0.530081	0.213567	0.764729	1
0.791201	0.568175	0.305585	0.858909	0
0.347936	0.570266	0.196403	0.670668	1
0.247611	0.639798	0.205336	0.452322	1
0.863805	0.799923	0.126788	0.699708	0
0.658712	0.260549	0.592315	0.722518	0
0.634900	0.678821	0.319835	0.845858	0
0.645984	0.742934	0.237928	0.594361	0
0.511584	0.779249	0.139229	0.490775	0
0.570384	0.723578	0.299938	0.762024	0
0.405195	0.478358	0.329321	0.813171	1
0.604490	0.669994	0.025171	0.540977	1
0.529123	0.698182	0.005906	0.210580	1
0.469563	0.511730	0.218329	0.872073	1
0.397847	0.281376	0.458289	0.831748	1
0.765788	0.605189	0.309169	0.843859	0
0.442367	0.219666	0.519818	0.808350	1
0.402750	0.856679	0.302781	0.311347	0
0.696868	0.732094	0.230546	0.633978	0
0.713526	0.852496	0.065699	0.473835	0
0.837246	0.634843	0.137015	0.804235	0
0.367768	0.529462	0.172154	0.702294	1
0.307913	0.638017	0.187434	0.491239	1
0.353475	0.509098	0.284623	0.758262	1
0.250294	0.047929	0.869072	0.734511	1
0.495362	0.471156	0.287242	0.843976	1
0.520344	0.809835	0.239294	0.432809	0
0.682604	0.872088	0.095083	0.524982	0
0.441694	0.889121	0.278566	0.302054	0
0.762687	0.865660	0.071273	0.663966	0
0.531578	0.348662	0.424662	0.687362	0
0.509639	0.642585	0.036763	0.389418	1
0.227845	0.698646	0.187951	0.315348	1
0.381708	0.278435	0.490439	0.790243	1
0.511102	0.767324	0.273845	0.692418	0
0.334040	0.655439	0.210393	0.659492	1
0.276702	0.510027	0.269746	0.781425	1
0.531575	0.348662	0.424662	0.687362	0
0.783290	0.851953	0.038904	0.410586	0
0.506135	0.783818	0.261515	0.708408	0
0.572454	0.910027	0.166653	0.410586	0
0.569546	0.515679	0.512215	0.728985	0
0.414087	0.899576	0.100506	0.244087	0
0.430356	0.279210	0.458401	0.850443	1
0.874608	0.638095	0.173003	0.879011	0
0.522414	0.587146	0.086299	0.721107	1
0.303096	0.267285	0.679389	0.738979	1
0.374547	0.526984	0.261035	0.906289	1
0.348585	0.174603	0.615383	0.751443	1
0.671058	0.347502	0.385203	0.721577	0
0.636739	0.694230	0.006457	0.483010	1
0.379039	0.211692	0.532961	0.667139	1
0.371042	0.261324	0.455002	0.747680	1
0.658770	0.826172	0.228701	0.479718	0
0.704029	0.855209	0.085080	0.689243	0
0.721978	0.725744	0.239589	0.672195	0
0.377698	0.260396	0.516424	0.883485	1
0.550976	0.646380	0.056286	0.615047	1
0.531575	0.348662	0.424662	0.687362	0
0.508532	0.648625	0.037870	0.376251	1
0.444494	0.637242	0.069283	0.477718	1
0.337437	0.511421	0.311013	0.880548	1
0.741507	0.376614	0.455188	0.814817	0
0.535420	0.770269	0.305809	0.721577	0
0.443243	0.627719	0.072346	0.463961	1
0.507743	0.520557	0.219251	0.778015	1
0.504373	0.494386	0.560346	0.818462	0
0.388746	0.197368	0.620255	0.889832	1
0.457539	0.449244	0.212866	0.766022	1
0.779929	0.785057	0.155285	0.691125	0
0.340949	0.489740	0.313154	0.736509	1
0.724243	0.732869	0.131626	0.716756	0
0.757285	0.931165	0.046619	0.314166	0
0.701094	0.632673	0.242395	0.830455	0
0.315399	0.124275	0.620329	0.619757	1
0.601576	0.611767	0.314334	0.760025	0
0.157692	0.294462	0.700795	0.702530	1
0.044523	0.872010	0.228701	0.154260	1
0.297651	0.667053	0.208030	0.410586	1
0.475339	0.464189	0.532961	0.740625	0
0.645609	0.847310	0.126974	0.708526	0
0.372390	0.268912	0.436586	0.775311	1
0.842099	0.402788	0.343050	0.887476	0
0.622511	0.601238	0.367304	0.794006	0
0.346732	0.252265	0.550529	0.833041	1
0.256034	0.059851	0.846706	0.721224	1
0.587521	0.793884	0.245421	0.501468	0
0.507338	0.863104	0.209950	0.598707	0
0.403601	0.199613	0.608887	0.865375	1
0.718647	0.741617	0.222906	0.723929	0
0.323757	0.239875	0.526056	0.716522	1
0.482675	0.634843	0.081018	0.487829	1
0.508060	0.365467	0.305068	0.860673	1
0.021879	0.776847	0.256938	0.087246	1
0.981142	0.882771	0.037685	0.483956	0
0.545951	0.551451	0.401077	0.681952	0
0.471816	0.581728	0.130924	0.715346	1
0.407084	0.639566	0.167721	0.595888	1
0.454237	0.503058	0.209286	0.798473	1
0.658633	0.550677	0.423775	0.889477	0
0.381787	0.297481	0.480582	0.887476	1
0.774816	0.777083	0.147974	0.765552	0
0.531867	0.639255	0.033515	0.412468	1
0.552633	0.652961	0.052082	0.588950	1
0.354881	0.513279	0.311676	0.900297	1
0.377813	0.959970	0.315846	0.297826	0
0.703705	0.358189	0.408275	0.792712	0
0.478410	0.535656	0.205004	0.837157	1
0.516195	0.635929	0.079949	0.518518	1
0.853450	0.579247	0.225489	0.912991	0
0.825657	0.512737	0.315665	0.880193	0
0.757848	0.772435	0.182191	0.710760	0
0.417202	0.460241	0.351429	0.817874	1
0.525427	0.570498	0.166580	0.724047	1
0.709474	0.594734	0.306916	0.812113	0
0.452456	0.644830	0.079505	0.465606	1
0.332244	0.169259	0.615086	0.731807	1
0.384780	0.639180	0.129373	0.577430	1
0.063381	0.841270	0.218403	0.446793	1
0.844529	0.564381	0.230103	0.950853	0
0.285248	0.267053	0.681784	0.696180	1
0.463093	0.536275	0.211094	0.716874	1
0.814018	0.560201	0.256421	0.863377	0
0.816282	0.608748	0.248633	0.810114	0
0.808962	0.899340	0.061641	0.385772	0
0.555444	0.904066	0.167282	0.421279	0
0.443263	0.591251	0.125828	0.661375	1
0.321067	0.500735	0.267974	0.816345	1
0.813643	0.422377	0.296987	0.842331	0
0.589432	0.811770	0.274801	0.518636	0
0.598497	0.697714	0.000000	0.243151	1
0.620557	0.548896	0.142844	0.836804	1
0.670784	0.514130	0.431714	0.752030	0
0.390693	0.277971	0.428354	0.792712	1
0.406197	0.435848	0.223238	0.759791	1
0.653167	0.584515	0.362875	0.816228	0
0.213710	0.624778	0.265206	0.717815	1
0.792203	0.608980	0.293260	0.859380	0
0.741132	0.876347	0.089547	0.541331	0
0.399101	0.241499	0.567954	0.889013	1
0.603487	0.554008	0.471394	0.739685	0
0.571616	0.761980	0.251770	0.737098	0
0.344677	0.511653	0.348883	0.821519	1
0.391183	0.556253	0.212423	0.722753	1
0.605636	0.635618	0.414957	0.848797	0
0.135286	0.816338	0.229623	0.368250	1
0.464865	0.608209	0.104198	0.695593	1
0.337105	0.499032	0.300605	0.738156	1
0.479122	0.739062	0.287647	0.671604	0
0.794648	0.527913	0.324927	0.973904	0
0.761331	0.770654	0.198692	0.734628	0
0.544479	0.533255	0.142404	0.829750	1
0.297997	0.138520	0.590247	0.595888	1
0.363852	0.159890	0.644802	0.765552	1
0.684414	0.278978	0.570758	0.796005	0
0.556936	0.602402	0.439167	0.827280	0
0.532599	0.520015	0.215339	0.790596	1
0.581327	0.602555	0.440240	0.852677	0
0.573686	0.640262	0.053004	0.625049	1
0.696342	0.815021	0.067215	0.658438	0
0.641910	0.635386	0.220839	0.753441	0
0.701685	0.740611	0.207624	0.714288	0
0.763393	0.561750	0.313744	0.973194	0
0.633689	0.695084	0.317656	0.834217	0
0.568141	0.556796	0.121287	0.771548	1
0.797208	0.895082	0.058134	0.406940	0
0.791316	0.584747	0.226708	0.889240	0
0.789073	0.580253	0.296689	0.865258	0
0.525331	0.536817	0.144136	0.817286	1
0.268395	0.514363	0.355306	0.736392	1
0.407690	0.332868	0.506753	0.808350	1
0.621062	0.811459	0.240217	0.577657	0
0.580923	0.831747	0.155690	0.588005	0
0.535224	0.541929	0.260336	0.736863	0
0.376450	0.257840	0.463274	0.782483	1
